player	345	120	1	0.5
player	201	112	2	
tree2	978	389	1001
tree1	1802	347	1002
tree2	2760	652	1003
tree3	1490	620	1004
tree2	1455	35	1005
tree1	377	361	1006
tree2	2415	310	1007
tree2	1106	203	1008
tree1	93	242	1009
tree1	851	737	1010
tree3	947	219	1032
tree3	1306	865	251	0.674724459
tree1	2018	79	252	1.443652326
tree3	2906	291	253	4.21781344
tree3	2294	871	254	5.396764708
tree3	126	718	255	4.533259603
tree1	3089	179	256	5.029351056
tree3	2844	17	257	5.494317844
tree1	2535	43	258	3.343951286
tree3	1735	902	259	4.567902723
tree3	789	934	260	3.450263974
